Solver export report
============================================================

One solved six-handed 100bb preflop tree, captured from GTOpen and committed as
data. The bot plays a chart derived from this export rather than reading the export
itself, and how many spots that chart holds is counted by the derived-chart report
rather than named here, where it would go stale at every re-solve - as the 36 this
sentence carried through two chart generations did. This report exists so a person
can say whether the extraction is faithful.

How to check it: load the saved solve named below in GTOpen's own interface and
read its range grids against the grids here. Do not press the Build or Re-solve
buttons after loading: the web form has no control for allin_threshold, and
re-posting it silently reverts the tree from the ruled 0.67 to the server
default of 0.85.

  saved solve      /Users/taylorsprouse/projects/gtopen/saves/preflop/six-max-100bb-rakefree.gtop
  saved solve sha  8e053a982034c6c732ad84f390defdad2d3926c2a33bc71ef34056188e52f8de
  export sha256    8d14266ddfa32a69f44775a0d266b60f59c6990014768a52c878a98b7f60a297
  action nodes     30609

  config posted to the solver:
    add_allin: False
    allin_threshold: 0.67
    ante: 0.0
    limp: False
    max_raises: 4
    no_flop_no_drop: True
    open_raises: [2.5]
    positions: ['LJ', 'HJ', 'CO', 'BTN', 'SB', 'BB']
    posts: [0, 0, 0, 0, 0.5, 1.0]
    raise_mults: [3.0]
    raise_mults_by_seat: [[], [], [], [], [5.4], [5.4]]
    rake_cap: 0.0
    rake_pct: 0.0
    realization: calibrated
    stack: 100.0

This solve's aggregates, and what checks them
----------------------------------------------
  gated    a named check in check_solver_export_expectations fails if this
           moves out of relation with the others
  reported no threshold covers this number at all

  number          this solve   label
  RFI LJ               18.57   gated
  RFI HJ               21.31   gated
  RFI CO               25.34   gated
  RFI BTN              37.36   gated
  RFI SB               53.84   reported
  BB vs LJ             24.95   gated
  BB vs HJ             28.65   gated
  BB vs CO             31.76   gated
  BB vs BTN            37.33   gated
  BB vs SB             52.69   gated
  SB limp               0.00   reported

  The opening order is gated among LJ, HJ, CO and BTN only, and the small
  blind is out of it by name:
    The small blind acts with only one opponent left, which argues for the
    widest range of any position, and it pays the worst postflop position
    for the rest of the hand, which argues for the tightest. Which of those
    wins is decided by rake: raked references put the button widest, and
    this rake-free solve puts the small blind widest, because twelve points
    of limping became raising. Its place in the opening order is therefore
    not structural. Its frequency is reported and gated by nothing.
  Big-blind defence is gated as a relation rather than a fixed order, so it
  covers the small blind wherever this solve puts it.

The GTO Wizard NL25 reference, for a reader to compare by eye
------------------------------------------------------------
  Nothing below is checked. That file is a raked six-max NL25 solution with limps
  in the tree, and this solve is rake-free without them, so a threshold over the
  gap would be grading one product against another rather than measuring this
  extraction. It is still the only set of numbers in this repo that this repo did
  not produce, which is why it is printed rather than deleted.

  number          this solve   reference  difference   label
  RFI LJ               18.57       17.49       +1.08   reported
  RFI HJ               21.31       21.65       -0.34   reported
  RFI CO               25.34       27.89       -2.55   reported
  RFI BTN              37.36       40.56       -3.20   reported
  RFI SB               53.84       34.41      +19.43   reported
  BB vs LJ             24.95       22.63       +2.32   reported
  BB vs HJ             28.65       26.20       +2.45   reported
  BB vs CO             31.76       31.48       +0.28   reported
  BB vs BTN            37.33       39.43       -2.10   reported
  BB vs SB             52.69       42.88       +9.81   reported
  SB limp               0.00       13.73      -13.73   reported

Range grids
------------------------------------------------------------
  Rows and columns run A down to 2. Pairs sit on the diagonal, suited classes
  above it, offsuit classes below it. Every cell is a whole percent.
  spots shown: 11 of 30609 action nodes, omitted: 30598 spots
  The selection is decision 11 and is fixed rather than emergent: the five opening
  spots and the five big-blind-versus-open spots the reference file names, plus one
  four-bet line, which no reference covers and no v1 spot key reaches.

--- RFI LJ ---
  path []  ·  LJ to act
  frequencies: Fold 81.43%, Raise 2.5 18.57%

  arriving range, percent of each class that reaches this node
          A   K   Q   J   T   9   8   7   6   5   4   3   2
     A  100 100 100 100 100 100 100 100 100 100 100 100 100
     K  100 100 100 100 100 100 100 100 100 100 100 100 100
     Q  100 100 100 100 100 100 100 100 100 100 100 100 100
     J  100 100 100 100 100 100 100 100 100 100 100 100 100
     T  100 100 100 100 100 100 100 100 100 100 100 100 100
     9  100 100 100 100 100 100 100 100 100 100 100 100 100
     8  100 100 100 100 100 100 100 100 100 100 100 100 100
     7  100 100 100 100 100 100 100 100 100 100 100 100 100
     6  100 100 100 100 100 100 100 100 100 100 100 100 100
     5  100 100 100 100 100 100 100 100 100 100 100 100 100
     4  100 100 100 100 100 100 100 100 100 100 100 100 100
     3  100 100 100 100 100 100 100 100 100 100 100 100 100
     2  100 100 100 100 100 100 100 100 100 100 100 100 100

  Raise 2.5, percent of each class taking it
          A   K   Q   J   T   9   8   7   6   5   4   3   2
     A  100 100 100 100 100 100 100   1   0 100 100 100 100
     K  100 100 100 100 100 100  56  98   0   0   0   0   0
     Q  100 100 100 100 100 100   0   0   0   0   0   0   0
     J  100   0   0 100 100 100 100   0   0   0   0   0   0
     T  100   0   0 100 100 100 100   0   0   0   0   0   0
     9    0   0   0   0   0 100   1   0   0   0   0   0   0
     8    0   0   0   0   0   0 100 100   0   0   0   0   0
     7    0   0   0   0   0   0   0 100 100   0   0   0   0
     6    0   0   0   0   0   0   0   0 100   0   0   0   0
     5    0   0   0   0   0   0   0   0   0 100   0   0   0
     4    0   0   0   0   0   0   0   0   0   0   0   0   0
     3    0   0   0   0   0   0   0   0   0   0   0 100   0
     2    0   0   0   0   0   0   0   0   0   0   0   0 100

--- RFI HJ ---
  path [0]  ·  HJ to act
  frequencies: Fold 78.69%, Raise 2.5 21.31%

  arriving range, percent of each class that reaches this node
          A   K   Q   J   T   9   8   7   6   5   4   3   2
     A  100 100 100 100 100 100 100 100 100 100 100 100 100
     K  100 100 100 100 100 100 100 100 100 100 100 100 100
     Q  100 100 100 100 100 100 100 100 100 100 100 100 100
     J  100 100 100 100 100 100 100 100 100 100 100 100 100
     T  100 100 100 100 100 100 100 100 100 100 100 100 100
     9  100 100 100 100 100 100 100 100 100 100 100 100 100
     8  100 100 100 100 100 100 100 100 100 100 100 100 100
     7  100 100 100 100 100 100 100 100 100 100 100 100 100
     6  100 100 100 100 100 100 100 100 100 100 100 100 100
     5  100 100 100 100 100 100 100 100 100 100 100 100 100
     4  100 100 100 100 100 100 100 100 100 100 100 100 100
     3  100 100 100 100 100 100 100 100 100 100 100 100 100
     2  100 100 100 100 100 100 100 100 100 100 100 100 100

  Raise 2.5, percent of each class taking it
          A   K   Q   J   T   9   8   7   6   5   4   3   2
     A  100 100 100 100 100 100 100 100  98 100 100 100 100
     K  100 100 100 100 100 100 100 100   0   0   0   0   0
     Q  100 100 100 100 100 100 100   0   0  89   0   0   0
     J  100  14   0 100 100 100 100   0   0   0   0   0   0
     T  100   0   0 100 100 100 100   0   0   0   0   0   0
     9    0   0   0   0   0 100 100 100   0   0   0   0   0
     8    0   0   0   0   0   0 100 100  84   0   0   0   0
     7    0   0   0   0   0   0   0 100 100   0   0   0   0
     6    0   0   0   0   0   0   0   0 100   0   0   0   0
     5    0   0   0   0   0   0   0   0   0 100   0   0   0
     4    0   0   0   0   0   0   0   0   0   0 100   0   0
     3    0   0   0   0   0   0   0   0   0   0   0 100   0
     2    0   0   0   0   0   0   0   0   0   0   0   0 100

--- RFI CO ---
  path [0, 0]  ·  CO to act
  frequencies: Fold 74.66%, Raise 2.5 25.34%

  arriving range, percent of each class that reaches this node
          A   K   Q   J   T   9   8   7   6   5   4   3   2
     A  100 100 100 100 100 100 100 100 100 100 100 100 100
     K  100 100 100 100 100 100 100 100 100 100 100 100 100
     Q  100 100 100 100 100 100 100 100 100 100 100 100 100
     J  100 100 100 100 100 100 100 100 100 100 100 100 100
     T  100 100 100 100 100 100 100 100 100 100 100 100 100
     9  100 100 100 100 100 100 100 100 100 100 100 100 100
     8  100 100 100 100 100 100 100 100 100 100 100 100 100
     7  100 100 100 100 100 100 100 100 100 100 100 100 100
     6  100 100 100 100 100 100 100 100 100 100 100 100 100
     5  100 100 100 100 100 100 100 100 100 100 100 100 100
     4  100 100 100 100 100 100 100 100 100 100 100 100 100
     3  100 100 100 100 100 100 100 100 100 100 100 100 100
     2  100 100 100 100 100 100 100 100 100 100 100 100 100

  Raise 2.5, percent of each class taking it
          A   K   Q   J   T   9   8   7   6   5   4   3   2
     A  100 100 100 100 100 100 100 100 100 100 100 100 100
     K  100 100 100 100 100 100 100 100  75 100   0   0   0
     Q  100 100 100 100 100 100 100   0  11 100   0   0   0
     J  100 100   0 100 100 100 100   3   0   0   0   0   0
     T  100  84   0 100 100 100 100  80   0   0   0   0   0
     9  100   0   0   0   0 100 100 100  30   0   0   0   0
     8    0   0   0   0   0   0 100 100 100   0   0   0   0
     7    0   0   0   0   0   0   0 100 100 100   0   0   0
     6    0   0   0   0   0   0   0   0 100   0   0   0   0
     5    0   0   0   0   0   0   0   0   0 100  99   0   0
     4    0   0   0   0   0   0   0   0   0   0 100   0   0
     3    0   0   0   0   0   0   0   0   0   0   0 100   0
     2    0   0   0   0   0   0   0   0   0   0   0   0 100

--- RFI BTN ---
  path [0, 0, 0]  ·  BTN to act
  frequencies: Fold 62.64%, Raise 2.5 37.36%

  arriving range, percent of each class that reaches this node
          A   K   Q   J   T   9   8   7   6   5   4   3   2
     A  100 100 100 100 100 100 100 100 100 100 100 100 100
     K  100 100 100 100 100 100 100 100 100 100 100 100 100
     Q  100 100 100 100 100 100 100 100 100 100 100 100 100
     J  100 100 100 100 100 100 100 100 100 100 100 100 100
     T  100 100 100 100 100 100 100 100 100 100 100 100 100
     9  100 100 100 100 100 100 100 100 100 100 100 100 100
     8  100 100 100 100 100 100 100 100 100 100 100 100 100
     7  100 100 100 100 100 100 100 100 100 100 100 100 100
     6  100 100 100 100 100 100 100 100 100 100 100 100 100
     5  100 100 100 100 100 100 100 100 100 100 100 100 100
     4  100 100 100 100 100 100 100 100 100 100 100 100 100
     3  100 100 100 100 100 100 100 100 100 100 100 100 100
     2  100 100 100 100 100 100 100 100 100 100 100 100 100

  Raise 2.5, percent of each class taking it
          A   K   Q   J   T   9   8   7   6   5   4   3   2
     A  100 100 100 100 100 100 100 100 100 100 100 100 100
     K  100 100 100 100 100 100 100 100 100 100 100 100 100
     Q  100 100 100 100 100 100 100 100 100 100 100 100 100
     J  100 100 100 100 100 100 100 100   0 100   0   0   0
     T  100 100 100 100 100 100 100 100   0   0   0   0   0
     9  100 100   0   0   0 100 100 100 100 100   0   0   0
     8  100   0   0   0   0 100 100 100 100 100   0   0   0
     7   79   0   0   0   0   0   0 100 100 100   0   0   0
     6    0   0   0   0   0   0   0   0 100 100 100   0   0
     5  100   0   0   0   0   0   0   0   0 100 100 100   0
     4  100   0   0   0   0   0   0   0   0   0 100   0   0
     3    0   0   0   0   0   0   0   0   0   0   0 100   0
     2    0   0   0   0   0   0   0   0   0   0   0   0 100

--- RFI SB ---
  path [0, 0, 0, 0]  ·  SB to act
  frequencies: Fold 46.16%, Raise 2.5 53.84%

  arriving range, percent of each class that reaches this node
          A   K   Q   J   T   9   8   7   6   5   4   3   2
     A  100 100 100 100 100 100 100 100 100 100 100 100 100
     K  100 100 100 100 100 100 100 100 100 100 100 100 100
     Q  100 100 100 100 100 100 100 100 100 100 100 100 100
     J  100 100 100 100 100 100 100 100 100 100 100 100 100
     T  100 100 100 100 100 100 100 100 100 100 100 100 100
     9  100 100 100 100 100 100 100 100 100 100 100 100 100
     8  100 100 100 100 100 100 100 100 100 100 100 100 100
     7  100 100 100 100 100 100 100 100 100 100 100 100 100
     6  100 100 100 100 100 100 100 100 100 100 100 100 100
     5  100 100 100 100 100 100 100 100 100 100 100 100 100
     4  100 100 100 100 100 100 100 100 100 100 100 100 100
     3  100 100 100 100 100 100 100 100 100 100 100 100 100
     2  100 100 100 100 100 100 100 100 100 100 100 100 100

  Raise 2.5, percent of each class taking it
          A   K   Q   J   T   9   8   7   6   5   4   3   2
     A  100 100 100 100 100 100 100 100 100 100 100 100 100
     K  100 100 100 100 100 100 100 100 100 100 100 100 100
     Q  100 100 100 100 100 100 100 100 100 100 100 100 100
     J  100 100 100 100 100 100 100 100 100 100 100 100 100
     T  100 100 100 100 100 100 100 100 100 100   0 100  99
     9  100 100 100 100 100 100 100 100 100 100 100   0 100
     8  100 100 100  96 100 100 100 100 100 100   0   0   0
     7  100 100   0   0   0   1 100 100 100 100   6   0   0
     6  100 100   0   0   0   0   0   0 100 100 100   0   0
     5  100 100   0   0   0   0   0   0   0 100 100 100 100
     4  100   0   0   0   0   0   0   0   0   0 100 100   0
     3  100   0   0   0   0   0   0   0   0   0   0 100   0
     2  100   0   0   0   0   0   0   0   0   0   0   0 100

--- BB vs LJ ---
  path [1, 0, 0, 0, 0]  ·  BB to act
  frequencies: Fold 75.05%, Call 2.5 17.90%, 3-bet 13.5 7.05%

  arriving range, percent of each class that reaches this node
          A   K   Q   J   T   9   8   7   6   5   4   3   2
     A  100 100 100 100 100 100 100 100 100 100 100 100 100
     K  100 100 100 100 100 100 100 100 100 100 100 100 100
     Q  100 100 100 100 100 100 100 100 100 100 100 100 100
     J  100 100 100 100 100 100 100 100 100 100 100 100 100
     T  100 100 100 100 100 100 100 100 100 100 100 100 100
     9  100 100 100 100 100 100 100 100 100 100 100 100 100
     8  100 100 100 100 100 100 100 100 100 100 100 100 100
     7  100 100 100 100 100 100 100 100 100 100 100 100 100
     6  100 100 100 100 100 100 100 100 100 100 100 100 100
     5  100 100 100 100 100 100 100 100 100 100 100 100 100
     4  100 100 100 100 100 100 100 100 100 100 100 100 100
     3  100 100 100 100 100 100 100 100 100 100 100 100 100
     2  100 100 100 100 100 100 100 100 100 100 100 100 100

  Call 2.5, percent of each class taking it
          A   K   Q   J   T   9   8   7   6   5   4   3   2
     A    0   0 100 100 100 100 100  63   0   0   8  90   0
     K    1   0   3  25 100 100 100  99   0 100   0   0   0
     Q  100 100   0   0  98 100 100   0  76 100   0   0   0
     J  100 100   0   0   0 100 100   0   0   0   0   0   0
     T  100   0   0 100 100 100 100 100   0   0   0   0   0
     9    0   0   0   0   0 100   6  96   0   6   0   0   0
     8    0   0   0   0   0   0 100  18  99   0   0   0   0
     7    0   0   0   0   0   0   0 100   0 100   0   0   0
     6    0   0   0   0   0   0   0   0 100 100 100   0   0
     5    0   0   0   0   0   0   0   0   0 100 100 100   0
     4    0   0   0   0   0   0   0   0   0   0 100   0   0
     3    0   0   0   0   0   0   0   0   0   0   0 100   0
     2    0   0   0   0   0   0   0   0   0   0   0   0  29

  3-bet 13.5, percent of each class taking it
          A   K   Q   J   T   9   8   7   6   5   4   3   2
     A  100 100   0   0   0   0   0  37 100 100  92  10 100
     K   99 100  97  75   0   0   0   1  13   0   0   0   0
     Q    0   0 100 100   2   0   0   0  24   0   0   0   0
     J    0   0   0 100 100   0   0   0   0   0   0   0   0
     T    0   0   0   0   0   0   0   0   0   0   0   0   0
     9    0   0   0   0   0   0  94   4 100   0   0   0   0
     8    0   0   0   0   0   0   0  82   1   0   0   0   0
     7    0   0   0   0   0   0   0   0 100   0   0   0   0
     6    0   0   0   0   0   0   0   0   0   0   0   0   0
     5    0   0   0   0   0   0   0   0   0   0   0   0   0
     4    0   0   0   0   0   0   0   0   0   0   0   0   0
     3    0   0   0   0   0   0   0   0   0   0   0   0   0
     2    0   0   0   0   0   0   0   0   0   0   0   0  71

--- BB vs HJ ---
  path [0, 1, 0, 0, 0]  ·  BB to act
  frequencies: Fold 71.35%, Call 2.5 21.09%, 3-bet 13.5 7.56%

  arriving range, percent of each class that reaches this node
          A   K   Q   J   T   9   8   7   6   5   4   3   2
     A  100 100 100 100 100 100 100 100 100 100 100 100 100
     K  100 100 100 100 100 100 100 100 100 100 100 100 100
     Q  100 100 100 100 100 100 100 100 100 100 100 100 100
     J  100 100 100 100 100 100 100 100 100 100 100 100 100
     T  100 100 100 100 100 100 100 100 100 100 100 100 100
     9  100 100 100 100 100 100 100 100 100 100 100 100 100
     8  100 100 100 100 100 100 100 100 100 100 100 100 100
     7  100 100 100 100 100 100 100 100 100 100 100 100 100
     6  100 100 100 100 100 100 100 100 100 100 100 100 100
     5  100 100 100 100 100 100 100 100 100 100 100 100 100
     4  100 100 100 100 100 100 100 100 100 100 100 100 100
     3  100 100 100 100 100 100 100 100 100 100 100 100 100
     2  100 100 100 100 100 100 100 100 100 100 100 100 100

  Call 2.5, percent of each class taking it
          A   K   Q   J   T   9   8   7   6   5   4   3   2
     A    0   0  75 100 100 100 100  11   8  12  78  93   2
     K   12   0  45 100 100 100 100  91  53 100   0  29   0
     Q   78  82   0  24  99 100 100   0  71 100   0   0   0
     J  100 100  24   1   0 100 100 100   0   0   0   0   0
     T  100 100   0 100  99 100 100 100   0   0   0   0   0
     9  100   0   0   0   0 100  67   8   0  99   0   0   0
     8    0   0   0   0   0   0 100  65  48   1   0   0   0
     7    0   0   0   0   0   0   0 100   0 100   0   0   0
     6    0   0   0   0   0   0   0   0 100 100 100   0   0
     5    0   0   0   0   0   0   0   0   0 100 100  98   0
     4    0   0   0   0   0   0   0   0   0   0 100   0   0
     3    0   0   0   0   0   0   0   0   0   0   0 100   0
     2    0   0   0   0   0   0   0   0   0   0   0   0  87

  3-bet 13.5, percent of each class taking it
          A   K   Q   J   T   9   8   7   6   5   4   3   2
     A  100 100  25   0   0   0   0  89  92  88  22   7  98
     K   88 100  55   0   0   0   0   9  47   0   0  64  13
     Q   22  18 100  76   1   0   0   0  29   0   0  25   0
     J    0   0  48  99 100   0   0   0   0   0   0   0   0
     T    0   0   0   0   1   0   0   0   0   0   0   0   0
     9    0   0   0   0   0   0  33  92 100   1   0   0   0
     8    0   0   0   0   0   0   0  35  52   0   0   0   0
     7    0   0   0   0   0   0   0   0 100   0   0   0   0
     6    0   0   0   0   0   0   0   0   0   0   0   0   0
     5    0   0   0   0   0   0   0   0   0   0   0   2   0
     4    0   0   0   0   0   0   0   0   0   0   0   0   0
     3    0   0   0   0   0   0   0   0   0   0   0   0   0
     2    0   0   0   0   0   0   0   0   0   0   0   0  13

--- BB vs CO ---
  path [0, 0, 1, 0, 0]  ·  BB to act
  frequencies: Fold 68.24%, Call 2.5 21.82%, 3-bet 13.5 9.94%

  arriving range, percent of each class that reaches this node
          A   K   Q   J   T   9   8   7   6   5   4   3   2
     A  100 100 100 100 100 100 100 100 100 100 100 100 100
     K  100 100 100 100 100 100 100 100 100 100 100 100 100
     Q  100 100 100 100 100 100 100 100 100 100 100 100 100
     J  100 100 100 100 100 100 100 100 100 100 100 100 100
     T  100 100 100 100 100 100 100 100 100 100 100 100 100
     9  100 100 100 100 100 100 100 100 100 100 100 100 100
     8  100 100 100 100 100 100 100 100 100 100 100 100 100
     7  100 100 100 100 100 100 100 100 100 100 100 100 100
     6  100 100 100 100 100 100 100 100 100 100 100 100 100
     5  100 100 100 100 100 100 100 100 100 100 100 100 100
     4  100 100 100 100 100 100 100 100 100 100 100 100 100
     3  100 100 100 100 100 100 100 100 100 100 100 100 100
     2  100 100 100 100 100 100 100 100 100 100 100 100 100

  Call 2.5, percent of each class taking it
          A   K   Q   J   T   9   8   7   6   5   4   3   2
     A    0   0 100 100 100 100  94   0   0 100  95  19 100
     K    1   0  88 100 100 100 100 100  44 100 100   8  79
     Q   98 100   0   0 100 100 100   0 100 100 100 100  99
     J    7  49  17   0   4 100 100  94   0 100   0   0   0
     T  100 100   0  93   0  63 100  93   0   0   0   0   0
     9  100   0   0   0   0 100   0   0   0  24   0   0   0
     8    0   0   0   0   0   0 100 100  14 100   0   0   0
     7    0   0   0   0   0   0   0 100   0 100   0   0   0
     6    0   0   0   0   0   0   0   0 100 100 100   0   0
     5   41   0   0   0   0   0   0   0   0 100 100 100   0
     4    0   0   0   0   0   0   0   0   0   0 100   0   0
     3    0   0   0   0   0   0   0   0   0   0   0 100   0
     2    0   0   0   0   0   0   0   0   0   0   0   0 100

  3-bet 13.5, percent of each class taking it
          A   K   Q   J   T   9   8   7   6   5   4   3   2
     A  100 100   0   0   0   0   6 100 100   0   5  81   0
     K   99 100  12   0   0   0   0   0  56   0   0  92   0
     Q    2   0 100 100   0   0   0   0   0   0   0   0   0
     J   93  51  83 100  96   0   0   6   0   0   0   0   0
     T    0   0   0   7 100  37   0   7   0   0   0   0   0
     9    0   0   0   0   0   0 100 100 100  76   0   0   0
     8    0   0   0   0   0   0   0   0  86   0   0   0   0
     7    0   0   0   0   0   0   0   0 100   0   0   0   0
     6    0   0   0   0   0   0   0   0   0   0   0   0   0
     5   59   0   0   0   0   0   0   0   0   0   0   0   0
     4    0   0   0   0   0   0   0   0   0   0   0   0   0
     3    0   0   0   0   0   0   0   0   0   0   0   0   0
     2    0   0   0   0   0   0   0   0   0   0   0   0   0

--- BB vs BTN ---
  path [0, 0, 0, 1, 0]  ·  BB to act
  frequencies: Fold 62.67%, Call 2.5 24.41%, 3-bet 13.5 12.91%

  arriving range, percent of each class that reaches this node
          A   K   Q   J   T   9   8   7   6   5   4   3   2
     A  100 100 100 100 100 100 100 100 100 100 100 100 100
     K  100 100 100 100 100 100 100 100 100 100 100 100 100
     Q  100 100 100 100 100 100 100 100 100 100 100 100 100
     J  100 100 100 100 100 100 100 100 100 100 100 100 100
     T  100 100 100 100 100 100 100 100 100 100 100 100 100
     9  100 100 100 100 100 100 100 100 100 100 100 100 100
     8  100 100 100 100 100 100 100 100 100 100 100 100 100
     7  100 100 100 100 100 100 100 100 100 100 100 100 100
     6  100 100 100 100 100 100 100 100 100 100 100 100 100
     5  100 100 100 100 100 100 100 100 100 100 100 100 100
     4  100 100 100 100 100 100 100 100 100 100 100 100 100
     3  100 100 100 100 100 100 100 100 100 100 100 100 100
     2  100 100 100 100 100 100 100 100 100 100 100 100 100

  Call 2.5, percent of each class taking it
          A   K   Q   J   T   9   8   7   6   5   4   3   2
     A    0   0 100 100 100 100 100 100 100 100 100 100 100
     K    0   0 100 100 100 100 100 100 100 100 100 100 100
     Q   79 100   0   3 100 100 100  87 100 100 100 100 100
     J  100 100   9   0   0   0 100   0   0 100   0   0   0
     T   74 100 100   0   0 100 100   3   0   0   0   0   0
     9  100 100   0   0   0  47   1   0   0   0   0   0   0
     8  100   0   0   0   0   0 100   1   0   0   0   0   0
     7    0   0   0   0   0   0   0 100  48   3   0   0   0
     6    0   0   0   0   0   0   0   0 100 100 100   0   0
     5  100   0   0   0   0   0   0   0   0 100  98  57   0
     4    4   0   0   0   0   0   0   0   0   0 100   0   0
     3    0   0   0   0   0   0   0   0   0   0   0  21   0
     2    0   0   0   0   0   0   0   0   0   0   0   0  97

  3-bet 13.5, percent of each class taking it
          A   K   Q   J   T   9   8   7   6   5   4   3   2
     A  100 100   0   0   0   0   0   0   0   0   0   0   0
     K  100 100   0   0   0   0   0   0   0   0   0   0   0
     Q   21   0 100  97   0   0   0  13   0   0   0   0   0
     J    0   0  91 100 100 100   0 100   0   0   0   0   0
     T   26   0   0 100 100   0   0  97   0   0   0   0   0
     9    0   0   0   0   0  53  99 100 100 100   0   0   0
     8    0   0   0   0   0 100   0  99 100 100   0   0   0
     7   75   0   0   0   0   0   0   0  52  97   0   0   0
     6    0   0   0   0   0   0   0   0   0   0   0   0   0
     5    0   0   0   0   0   0   0   0   0   0   2  43   0
     4   96   0   0   0   0   0   0   0   0   0   0   0   0
     3    0   0   0   0   0   0   0   0   0   0   0  79   0
     2    0   0   0   0   0   0   0   0   0   0   0   0   3

--- BB vs SB ---
  path [0, 0, 0, 0, 1]  ·  BB to act
  frequencies: Fold 47.31%, Call 2.5 34.27%, 3-bet 13.5 18.41%

  arriving range, percent of each class that reaches this node
          A   K   Q   J   T   9   8   7   6   5   4   3   2
     A  100 100 100 100 100 100 100 100 100 100 100 100 100
     K  100 100 100 100 100 100 100 100 100 100 100 100 100
     Q  100 100 100 100 100 100 100 100 100 100 100 100 100
     J  100 100 100 100 100 100 100 100 100 100 100 100 100
     T  100 100 100 100 100 100 100 100 100 100 100 100 100
     9  100 100 100 100 100 100 100 100 100 100 100 100 100
     8  100 100 100 100 100 100 100 100 100 100 100 100 100
     7  100 100 100 100 100 100 100 100 100 100 100 100 100
     6  100 100 100 100 100 100 100 100 100 100 100 100 100
     5  100 100 100 100 100 100 100 100 100 100 100 100 100
     4  100 100 100 100 100 100 100 100 100 100 100 100 100
     3  100 100 100 100 100 100 100 100 100 100 100 100 100
     2  100 100 100 100 100 100 100 100 100 100 100 100 100

  Call 2.5, percent of each class taking it
          A   K   Q   J   T   9   8   7   6   5   4   3   2
     A    0   0   0 100 100 100 100 100 100 100 100 100 100
     K    0   0 100 100 100 100 100 100 100 100 100 100 100
     Q    0 100   0 100 100 100 100 100 100 100 100 100 100
     J  100 100 100   0 100 100 100 100   0 100   0   0   0
     T  100 100 100 100   0 100 100 100   0 100   0   0   0
     9  100 100 100  99   0   0 100 100 100 100   0   0   0
     8  100   0   0   0   0 100   0 100 100 100   0   0   0
     7  100   0   0   0   0   0   0   0 100 100   0   0   0
     6    3   0   0   0   0   0   0   0 100 100 100   0   0
     5  100   0   0   0   0   0   0   0   0 100 100 100   0
     4  100   0   0   0   0   0   0   0   0   0 100   0   0
     3   69   0   0   0   0   0   0   0   0   0   0 100   0
     2    0   0   0   0   0   0   0   0   0   0   0   0 100

  3-bet 13.5, percent of each class taking it
          A   K   Q   J   T   9   8   7   6   5   4   3   2
     A  100 100 100   0   0   0   0   0   0   0   0   0   0
     K  100 100   0   0   0   0   0   0   0   0   0   0   0
     Q  100   0 100   0   0   0   0   0   0   0   0   0   0
     J    0   0   0 100   0   0   0   0 100   0   0  18   0
     T    0   0   0   0 100   0   0   0 100   0   0   0   0
     9    0   0   0   1 100 100   0   0   0   0 100   0 100
     8    0 100 100   0 100   0 100   0   0   0   0   0   0
     7    0 100   0   0   0 100 100 100   0   0  98   0   0
     6   97 100   0   0   0   0   0   0   0   0   0   0   0
     5    0 100   0   0   0   0   0   0   0   0   0   0 100
     4    0   0   0   0   0   0   0   0   0   0   0 100   0
     3   31   0   0   0   0   0   0   0   0   0   0   0   0
     2  100   0   0   0   0   0   0   0   0   0   0   0   0

--- HJ vs LJ 4-bet ---
  path [1, 2, 0, 0, 0, 0, 2]  ·  HJ to act
  frequencies: Fold 32.99%, Call 22.5 55.77%, All-in 100 11.25%

  arriving range, percent of each class that reaches this node
          A   K   Q   J   T   9   8   7   6   5   4   3   2
     A  100 100 100 100   0   0   0   0   0 100  98   0   0
     K  100 100 100 100   0   0   0   0   0   0   0   0   0
     Q    0   0 100 100   0   0   0   0   0   0   0   0   0
     J    0   0   0 100 100   0   0   0   0   0   0   0   0
     T    0   0   0   0 100   0   0   0   0   0   0   0   0
     9    0   0   0   0   0 100   0   0   0   0   0   0   0
     8    0   0   0   0   0   0   0  74   0   0   0   0   0
     7    0   0   0   0   0   0   0   0 100   0   0   0   0
     6    0   0   0   0   0   0   0   0   0   0   0   0   0
     5    0   0   0   0   0   0   0   0   0   0   0   0   0
     4    0   0   0   0   0   0   0   0   0   0   0   0   0
     3    0   0   0   0   0   0   0   0   0   0   0   0   0
     2    0   0   0   0   0   0   0   0   0   0   0   0   0

  Call 22.5, percent of each class taking it
          A   K   Q   J   T   9   8   7   6   5   4   3   2
     A    0 100   0   0   3  12  10   9   8 100  13  36  30
     K  100 100  98   0  10  12  12  13   6   9   3   4   3
     Q   21  11 100  81   4  18  13   5   9  12   7   7   6
     J   15   5   3   0 100  24  29   9   0   7   0   0   0
     T    7   2   1  20   0  30  28  11   1   4   0   0   0
     9    4   0   0   0   0   0  26  26  11  10   0   0   0
     8    2   0   0   0   2   6   0 100  24   9   0   0   0
     7    1   0  20   5   2   0   2  19 100  18   0   1   1
     6    1   0   2  33  33   0   2   1  26  12   9   1   2
     5    4   0   1   2   3   0   1   1   1  26  23  10   2
     4    3   1  33  33  33   3  33  33  33   1  14   2   0
     3    1   0   0   2   3   2   3   2   3   1   2  25   0
     2    1   0   3   2  17   3  15  33  11   0   0   1  26

  All-in 100, percent of each class taking it
          A   K   Q   J   T   9   8   7   6   5   4   3   2
     A  100   0  42  20  90  26  29  30  30   0  44   5   9
     K    0   0   0   0   1  22  22  21  28  26  29  28  29
     Q    5  19   0   0   0  18  23  33  29  25  31  31  32
     J   13  23  29   0   0  13   6  30   8  33   0   8   0
     T   21  27  32  14   0  15   9  28  14  33   0   0   0
     9   32  27  32  32  23   0  13  11  28  29   0   0  11
     8   34  11  30   0  33  34   0   0  14  31   0   0   0
     7   32   0  20   5   2   0  20   8   0  22   0   1   1
     6   31   9   2  33  33   0   2   1   7  35  30   1   2
     5   35  15   1   2   3   0   1   1   1  10  18  30   0
     4   31   1  33  33  33   3  33  33  33   1  23   0   0
     3   28   0   0   2   3   2   3   2   3   1   2  10   0
     2   30   0   3   2  17   3  15  33  11   0   0   1   3

